3 12471 149 5
3 12445 208 7
3 2002 168 8
3 12367 154 5
3 11741 790 9
3 9135 222 6
3 10793 1346 6
3 9941 308 8
3 10396 253 6
3 10087 1055 9
3 9938 194 6
3 9760 377 7
3 10372 179 7
3 9919 582 6
3 8915 211 6
3 10156 174 6
3 10568 359 6
3 9289 321 7
3 10162 1069 9
3 9253 2294 8
3 8247 231 6
3 6880 718 6
3 893 124 7
3 8425 484 7
3 5005 214 9
3 9922 216 5
3 9989 1478 8
3 6624 227 8
3 8841 268 6
3 9331 196 7
3 9756 1011 8
3 9834 289 8
3 8934 287 6
3 9041 470 6
3 9330 223 6
3 8115 112 7
3 6954 384 8
3 8297 86 5
3 8525 342 7
3 8086 378 7
3 8557 360 8
3 6594 693 8
3 7724 1116 8
3 8476 228 7
3 8536 209 6
3 9062 246 6
3 8676 378 7
3 19074 90 7
3 5233 109 7
3 338 151 8
3 5114 1339 9
3 4028 106 7
3 6172 153 8
3 6974 244 6
3 6922 327 7
3 10552 220 8
3 4334 199 7
3 7769 360 7
3 5386 103 7
3 4186 216 7
3 4415 129 6
3 97 338 8
3 7059 435 6
3 1698 456 9
3 121 637 9
3 6547 903 7
3 391 97 7
3 4657 90 6
3 25 478 9
3 6046 166 7
3 4477 163 8
3 4985 171 7
3 7279 113 8
3 6609 104 7
3 1610 75 7
3 8337 94 6
3 6802 673 8
3 7311 1311 9
3 5690 206 8
3 6213 381 7
3 688 157 8
3 5454 106 6
3 5998 158 9
3 417 121 6
3 561 107 7
3 1172 111 8
3 5041 275 8
3 2744 125 8
3 5756 76 7
3 5420 763 9
3 1096 135 8
3 676 239 8
3 5909 171 6
3 6098 172 7
3 6512 260 7
3 17307 88 8
3 5205 394 9
3 602 67 6
3 1095 155 8
3 2421 56 7
3 5681 500 8
3 1057 58 7
3 5220 237 7
3 475 71 8
3 5670 107 7
3 1031 73 5
3 348 223 9
3 2756 86 7
3 3272 61 7
3 706 51 6
3 535 106 8
3 2751 78 7
3 3087 283 8
3 1002 237 8
3 4685 55 6
3 918 2309 9
3 194 119 8
3 534 256 8
3 4188 86 6
3 419 185 9
3 5504 71 6
3 1166 48 6
3 1727 79 7
3 4835 235 6
3 1165 71 7
3 801 276 9
3 3594 336 8
3 289 74 7
3 467 592 9
3 1652 54 8
3 3444 57 8
3 16243 47 7
3 1760 93 7
3 3303 78 8
3 2623 165 9
3 405 174 8
3 254 60 8
3 5000 48 7
3 1016 196 8
3 2321 193 9
3 2132 82 9
3 253 150 8
3 5079 305 6
3 1279 118 9
3 3673 138 8
3 3198 55 8
3 948 71 8
3 1794 59 6
3 1079 103 8
3 5074 203 9
3 5204 189 7
3 2563 130 9
3 4772 107 9
3 3322 133 8
3 3001 279 9
3 3297 820 10
3 4087 564 9
3 962 269 9
3 904 264 10
3 2931 133 8
3 2455 50 3
3 799 74 8
3 8254 66 7
3 750 101 8
3 4282 354 8
3 4280 191 8
3 3783 201 8
3 3782 224 8
3 2593 457 8
3 3974 163 7
3 36283 65 8
3 7284 44 9
3 1440 76 8
3 70251 55 7
3 75 148 8
3 729 209 9
3 11069 57 8
3 5039 359 8
3 3464 134 5
3 4548 182 7
3 4551 224 7
3 3668 68 7
3 949 578 9
3 810 48 7
3 7085 51 8
3 572 119 8
3 1966 210 1
3 5196 123 8
3 3614 95 7
3 2000 100 7
3 8947 324 9
3 3284 78 7
3 4660 125 9
3 1827 595 9
3 1824 274 9
3 3613 207 7
3 309 56 7
3 941 149 8
3 685 104 4
3 472 123 8
3 2594 141 8
3 965 79 8
3 2369 212 8
3 917 108 8
3 688 214 8
3 519 179 8
3 477 897 9
3 30 2589 5
3 990 164 8
3 940 394 9
3 2104 853 9
2 13587 32 8
2 9253 17 9
2 11499 12 8
2 142 2 8
2 5507 6 7
2 2001 14 9
2 11697 4 7
2 11843 3 8
2 25096 86 9
2 12467 150 8
2 10588 197 8
2 1699 14 8
2 8074 20 7
2 11 20 6
2 6547 76 7
2 5341 4 8
2 5114 3621 10
2 147 11 8
2 1453 13 10
0 40028 1380 10
0 40776 36 8
0 39587 5 6
0 41353 230 2
0 40221 5 3
0 11061 16 6
0 39195 6 8
0 38408 4 7
0 40010 5 8
0 38883 6 7
0 38671 104 5
0 38691 8 5
1 38474 1 10
1 34798 0 9
1 30987 2 7
1 47000 0 5
1 40776 1 9
1 30079 1 8
1 33672 1 7
1 41345 1 5
1 40028 725 10
